#VRML V2.0 utf8
#model SOP
DEF body Transform {
  children [
    Shape {
      appearance Appearance {
        material Material {
          diffuseColor 0.2 0.2 0.3
          specularColor 0.2 0.2 0.3
          emissiveColor 0.0 0.0 0.0
          ambientIntensity 0.9
          transparency 0.0
          shininess 1.0
        }
      }
      geometry IndexedFaceSet {
        normalPerVertex TRUE
        coord Coordinate { point [
          2   3.04   0.0,
          -2 3.04   0.0,
          -2 -3.04 0.0,
          2   -3.04 0.0,
          2.1   3.14   0.4,
          -2.1 3.14   0.4,
          -2.1 -3.14 0.4,
          2.1   -3.14 0.4,
          2   3.04   1,
          -2 3.04   1,
          -2 -3.04 1,
          2   -3.04 1 ] }
        coordIndex [
          3, 2, 1, 0, -1,
          8, 9, 10, 11, -1,
          0, 4, 7, 3, -1,
          1, 5, 4, 0, -1,
          2, 6, 5, 1, -1,
          3, 7, 6, 2, -1,
          4, 8, 11, 7, -1,
          5, 9, 8, 4, -1,
          6, 10, 9, 5, -1,
          7, 11, 10, 6, -1 ]
      }
    }
    Shape {
      appearance Appearance {
        material Material {
          diffuseColor 0.3 0.3 0.3
          specularColor 0.3 0.3 0.3
          emissiveColor 0.0 0.0 0.0
          ambientIntensity 0.9
          transparency 0.0
          shininess 1.0
        }
      }
      geometry IndexedFaceSet {
        normalPerVertex TRUE
        coord Coordinate { point [
          -0.7667   2.14   1.01,
          -0.8113  2.3067  1.01,
          -0.9333  2.4287  1.01,
          -1.1  2.4733  1.01,
          -1.2667 2.4287 1.01,
          -1.3887 2.3067 1.01,
          -1.4333 2.14 1.01,
          -1.3887 1.9733 1.01,
          -1.2667 1.8513 1.01,
          -1.1 1.8067 1.01,
          -0.9333 1.8513 1.01,
          -0.8113 1.9733 1.01 ] }
        coordIndex [
          0, 1, 2, 3, 4, 5, 6, 7, 8, 9, 10, 11, -1 ]
      }
    }
  ]
}
DEF pins Transform {
  children [
    Shape {
      appearance Appearance {
        material DEF metal Material {
          diffuseColor 0.8 0.8 0.9
          emissiveColor 0.0 0.0 0.0
          specularColor 1.0 1.0 1.0
          ambientIntensity 0.9
          transparency 0.0
          shininess 0.9
        }
      }
      geometry IndexedFaceSet {
        normalPerVertex TRUE
        coord Coordinate { point [
            -2.38  -2.8  0.55,
            -2.05        -2.8  0.55,
            -2.05        -2.28  0.55,
            -2.38  -2.28  0.55,
            -2.31  -2.8  0.4,
            -2.05        -2.8  0.4,
            -2.05        -2.28  0.4,
            -2.31  -2.28  0.4,
            -2.8  -2.8  0.15,
            -2.59  -2.8  0.15,
            -2.59  -2.28  0.15,
            -2.8  -2.28  0.15,
            -2.8  -2.8  0.0,
            -2.52  -2.8  0.0,
            -2.52  -2.28  0.0,
            -2.8  -2.28  0.0 ] }
        coordIndex [
          0, 1, 2, 3, -1,
          0, 3, 10, 9, -1,
          8, 9, 10, 11, -1,
          7, 6, 5, 4, -1,
          14, 7, 4, 13, -1,
          15, 14, 13, 12, -1,
          1, 0, 4, 5, -1,
          0, 9, 13, 4, -1,
          9, 8, 12, 13, -1,
          6, 7, 3, 2, -1,
          7, 14, 10, 3, -1,
          14, 15, 11, 10, -1,
          8, 11, 15, 12, -1 ]
      }
    }
    Shape {
      appearance Appearance {
        material USE metal
      }
      geometry IndexedFaceSet {
        normalPerVertex TRUE
        coord Coordinate { point [
            -2.38  -1.53  0.55,
            -2.05        -1.53  0.55,
            -2.05        -1.01  0.55,
            -2.38  -1.01  0.55,
            -2.31  -1.53  0.4,
            -2.05        -1.53  0.4,
            -2.05        -1.01  0.4,
            -2.31  -1.01  0.4,
            -2.8  -1.53  0.15,
            -2.59  -1.53  0.15,
            -2.59  -1.01  0.15,
            -2.8  -1.01  0.15,
            -2.8  -1.53  0.0,
            -2.52  -1.53  0.0,
            -2.52  -1.01  0.0,
            -2.8  -1.01  0.0 ] }
        coordIndex [
          0, 1, 2, 3, -1,
          0, 3, 10, 9, -1,
          8, 9, 10, 11, -1,
          7, 6, 5, 4, -1,
          14, 7, 4, 13, -1,
          15, 14, 13, 12, -1,
          1, 0, 4, 5, -1,
          0, 9, 13, 4, -1,
          9, 8, 12, 13, -1,
          6, 7, 3, 2, -1,
          7, 14, 10, 3, -1,
          14, 15, 11, 10, -1,
          8, 11, 15, 12, -1 ]
      }
    }
    Shape {
      appearance Appearance {
        material USE metal
      }
      geometry IndexedFaceSet {
        normalPerVertex TRUE
        coord Coordinate { point [
            -2.38  -0.26  0.55,
            -2.05        -0.26  0.55,
            -2.05        0.26  0.55,
            -2.38  0.26  0.55,
            -2.31  -0.26  0.4,
            -2.05        -0.26  0.4,
            -2.05        0.26  0.4,
            -2.31  0.26  0.4,
            -2.8  -0.26  0.15,
            -2.59  -0.26  0.15,
            -2.59  0.26  0.15,
            -2.8  0.26  0.15,
            -2.8  -0.26  0.0,
            -2.52  -0.26  0.0,
            -2.52  0.26  0.0,
            -2.8  0.26  0.0 ] }
        coordIndex [
          0, 1, 2, 3, -1,
          0, 3, 10, 9, -1,
          8, 9, 10, 11, -1,
          7, 6, 5, 4, -1,
          14, 7, 4, 13, -1,
          15, 14, 13, 12, -1,
          1, 0, 4, 5, -1,
          0, 9, 13, 4, -1,
          9, 8, 12, 13, -1,
          6, 7, 3, 2, -1,
          7, 14, 10, 3, -1,
          14, 15, 11, 10, -1,
          8, 11, 15, 12, -1 ]
      }
    }
    Shape {
      appearance Appearance {
        material USE metal
      }
      geometry IndexedFaceSet {
        normalPerVertex TRUE
        coord Coordinate { point [
            -2.38  1.01  0.55,
            -2.05        1.01  0.55,
            -2.05        1.53  0.55,
            -2.38  1.53  0.55,
            -2.31  1.01  0.4,
            -2.05        1.01  0.4,
            -2.05        1.53  0.4,
            -2.31  1.53  0.4,
            -2.8  1.01  0.15,
            -2.59  1.01  0.15,
            -2.59  1.53  0.15,
            -2.8  1.53  0.15,
            -2.8  1.01  0.0,
            -2.52  1.01  0.0,
            -2.52  1.53  0.0,
            -2.8  1.53  0.0 ] }
        coordIndex [
          0, 1, 2, 3, -1,
          0, 3, 10, 9, -1,
          8, 9, 10, 11, -1,
          7, 6, 5, 4, -1,
          14, 7, 4, 13, -1,
          15, 14, 13, 12, -1,
          1, 0, 4, 5, -1,
          0, 9, 13, 4, -1,
          9, 8, 12, 13, -1,
          6, 7, 3, 2, -1,
          7, 14, 10, 3, -1,
          14, 15, 11, 10, -1,
          8, 11, 15, 12, -1 ]
      }
    }
    Shape {
      appearance Appearance {
        material USE metal
      }
      geometry IndexedFaceSet {
        normalPerVertex TRUE
        coord Coordinate { point [
            -2.38  2.28  0.55,
            -2.05        2.28  0.55,
            -2.05        2.8  0.55,
            -2.38  2.8  0.55,
            -2.31  2.28  0.4,
            -2.05        2.28  0.4,
            -2.05        2.8  0.4,
            -2.31  2.8  0.4,
            -2.8  2.28  0.15,
            -2.59  2.28  0.15,
            -2.59  2.8  0.15,
            -2.8  2.8  0.15,
            -2.8  2.28  0.0,
            -2.52  2.28  0.0,
            -2.52  2.8  0.0,
            -2.8  2.8  0.0 ] }
        coordIndex [
          0, 1, 2, 3, -1,
          0, 3, 10, 9, -1,
          8, 9, 10, 11, -1,
          7, 6, 5, 4, -1,
          14, 7, 4, 13, -1,
          15, 14, 13, 12, -1,
          1, 0, 4, 5, -1,
          0, 9, 13, 4, -1,
          9, 8, 12, 13, -1,
          6, 7, 3, 2, -1,
          7, 14, 10, 3, -1,
          14, 15, 11, 10, -1,
          8, 11, 15, 12, -1 ]
      }
    }
    Shape {
      appearance Appearance {
        material USE metal
      }
      geometry IndexedFaceSet {
        normalPerVertex TRUE
        coord Coordinate { point [
            2.05        2.28  0.55,
            2.38  2.28  0.55,
            2.38  2.8  0.55,
            2.05        2.8  0.55,
            2.05        2.28  0.4,
            2.31  2.28  0.4,
            2.31  2.8  0.4,
            2.05        2.8  0.4
            2.59  2.28  0.15,
            2.8  2.28  0.15,
            2.8  2.8  0.15,
            2.59  2.8  0.15,
            2.52  2.28  0,
            2.8  2.28  0,
            2.8  2.8  0,
            2.52  2.8  0 ] }
        coordIndex [
          0, 1, 2, 3, -1,
          1, 8, 11, 2, -1,
          8, 9, 10, 11, -1,
          7, 6, 5, 4, -1,
          6, 15, 12, 5, -1,
          15, 14, 13, 12, -1,
          0, 4, 5, 1, -1,
          1, 5, 12, 8, -1,
          8, 12, 13, 9, -1,
          3, 2, 6, 7, -1,
          2, 11, 15, 6, -1,
          11, 10, 14, 15, -1,
          9, 13, 14, 10, -1 ]
      }
    }
    Shape {
      appearance Appearance {
        material USE metal
      }
      geometry IndexedFaceSet {
        normalPerVertex TRUE
        coord Coordinate { point [
            2.05        1.01  0.55,
            2.38  1.01  0.55,
            2.38  1.53  0.55,
            2.05        1.53  0.55,
            2.05        1.01  0.4,
            2.31  1.01  0.4,
            2.31  1.53  0.4,
            2.05        1.53  0.4
            2.59  1.01  0.15,
            2.8  1.01  0.15,
            2.8  1.53  0.15,
            2.59  1.53  0.15,
            2.52  1.01  0,
            2.8  1.01  0,
            2.8  1.53  0,
            2.52  1.53  0 ] }
        coordIndex [
          0, 1, 2, 3, -1,
          1, 8, 11, 2, -1,
          8, 9, 10, 11, -1,
          7, 6, 5, 4, -1,
          6, 15, 12, 5, -1,
          15, 14, 13, 12, -1,
          0, 4, 5, 1, -1,
          1, 5, 12, 8, -1,
          8, 12, 13, 9, -1,
          3, 2, 6, 7, -1,
          2, 11, 15, 6, -1,
          11, 10, 14, 15, -1,
          9, 13, 14, 10, -1 ]
      }
    }
    Shape {
      appearance Appearance {
        material USE metal
      }
      geometry IndexedFaceSet {
        normalPerVertex TRUE
        coord Coordinate { point [
            2.05        -0.26  0.55,
            2.38  -0.26  0.55,
            2.38  0.26  0.55,
            2.05        0.26  0.55,
            2.05        -0.26  0.4,
            2.31  -0.26  0.4,
            2.31  0.26  0.4,
            2.05        0.26  0.4
            2.59  -0.26  0.15,
            2.8  -0.26  0.15,
            2.8  0.26  0.15,
            2.59  0.26  0.15,
            2.52  -0.26  0,
            2.8  -0.26  0,
            2.8  0.26  0,
            2.52  0.26  0 ] }
        coordIndex [
          0, 1, 2, 3, -1,
          1, 8, 11, 2, -1,
          8, 9, 10, 11, -1,
          7, 6, 5, 4, -1,
          6, 15, 12, 5, -1,
          15, 14, 13, 12, -1,
          0, 4, 5, 1, -1,
          1, 5, 12, 8, -1,
          8, 12, 13, 9, -1,
          3, 2, 6, 7, -1,
          2, 11, 15, 6, -1,
          11, 10, 14, 15, -1,
          9, 13, 14, 10, -1 ]
      }
    }
    Shape {
      appearance Appearance {
        material USE metal
      }
      geometry IndexedFaceSet {
        normalPerVertex TRUE
        coord Coordinate { point [
            2.05        -1.53  0.55,
            2.38  -1.53  0.55,
            2.38  -1.01  0.55,
            2.05        -1.01  0.55,
            2.05        -1.53  0.4,
            2.31  -1.53  0.4,
            2.31  -1.01  0.4,
            2.05        -1.01  0.4
            2.59  -1.53  0.15,
            2.8  -1.53  0.15,
            2.8  -1.01  0.15,
            2.59  -1.01  0.15,
            2.52  -1.53  0,
            2.8  -1.53  0,
            2.8  -1.01  0,
            2.52  -1.01  0 ] }
        coordIndex [
          0, 1, 2, 3, -1,
          1, 8, 11, 2, -1,
          8, 9, 10, 11, -1,
          7, 6, 5, 4, -1,
          6, 15, 12, 5, -1,
          15, 14, 13, 12, -1,
          0, 4, 5, 1, -1,
          1, 5, 12, 8, -1,
          8, 12, 13, 9, -1,
          3, 2, 6, 7, -1,
          2, 11, 15, 6, -1,
          11, 10, 14, 15, -1,
          9, 13, 14, 10, -1 ]
      }
    }
    Shape {
      appearance Appearance {
        material USE metal
      }
      geometry IndexedFaceSet {
        normalPerVertex TRUE
        coord Coordinate { point [
            2.05        -2.8  0.55,
            2.38  -2.8  0.55,
            2.38  -2.28  0.55,
            2.05        -2.28  0.55,
            2.05        -2.8  0.4,
            2.31  -2.8  0.4,
            2.31  -2.28  0.4,
            2.05        -2.28  0.4
            2.59  -2.8  0.15,
            2.8  -2.8  0.15,
            2.8  -2.28  0.15,
            2.59  -2.28  0.15,
            2.52  -2.8  0,
            2.8  -2.8  0,
            2.8  -2.28  0,
            2.52  -2.28  0 ] }
        coordIndex [
          0, 1, 2, 3, -1,
          1, 8, 11, 2, -1,
          8, 9, 10, 11, -1,
          7, 6, 5, 4, -1,
          6, 15, 12, 5, -1,
          15, 14, 13, 12, -1,
          0, 4, 5, 1, -1,
          1, 5, 12, 8, -1,
          8, 12, 13, 9, -1,
          3, 2, 6, 7, -1,
          2, 11, 15, 6, -1,
          11, 10, 14, 15, -1,
          9, 13, 14, 10, -1 ]
      }
    }
  ]
}
